1	0
2	0
3	0
4	0
5	0
6	0
7	0
8	0
9	0
10	0
11	0
12	0
13	0
14	0
15	0
16	0
17	0
18	0
19	0
20	0
21	0
22	0
23	0
24	0
25	0
26	0
27	0
28	0
29	0
30	0
31	0
32	0
33	0
34	0
35	0
36	0
37	0
38	0
39	0
40	0
41	0
42	0
43	0
44	0
45	0
46	0
47	0
48	0
49	0
50	0
51	0
52	0
53	0
54	0
55	0
56	0
57	0
58	0
59	0
60	0
61	0
62	0
63	0
64	0
65	0
66	0
67	0
68	0
69	0
70	0
71	1
72	2
73	2
74	2
75	3
76	3
77	4
78	4
79	4
80	7
81	9
82	9
83	10
84	13
85	17
86	19
87	25
88	29
89	32
90	38
91	50
92	56
93	68
94	77
95	109
96	114
97	149
98	169
99	199
100	239
101	273
102	308
103	339
104	377
105	414
106	437
107	480
108	507
109	543
110	590
111	640
112	681
113	718
114	775
115	824
116	872
117	934
118	1007
119	1074
120	1147
121	1218
122	1301
123	1373
124	1568
125	1694
126	1783
127	1886
128	1981
129	2109
130	2206
131	2293
132	2415
133	2549
134	2649
135	2752
136	2872
137	3029
138	3163
139	3303
140	3435
141	3583
142	3720
143	3867
144	4021
145	4167
146	4337
147	4531
148	4706
149	4971
150	5164
151	5394
152	5598
153	5815
154	6075
155	6348
156	6642
157	6929
158	7200
159	7471
160	7745
161	8102
162	8498
163	8884
164	9195
165	9520
166	9900
167	11903
168	12237
169	12573
170	12948
171	13254
172	13699
173	14011
174	14476
175	14894
176	15301
177	15685
178	16095
179	16475
180	16893
181	17400
182	17834
183	18213
184	18655
185	19268
186	19693
187	20160
188	20642
189	21129
190	21604
191	22123
192	22674
193	23174
194	23727
195	24309
196	24915
197	25602
198	26273
199	26816
200	27497
201	28084
202	28732
203	29861
204	30601
205	31358
206	32063
207	32771
208	33425
209	34193
210	34968
211	35747
212	36511
213	37364
214	38135
215	38938
216	39795
217	40699
218	41585
219	42518
220	43379
221	44386
222	45257
223	46091
224	47033
225	48040
226	49036
227	49980
228	50921
229	51797
230	52889
231	53866
232	54849
233	55794
234	56706
235	57542
236	58390
237	59449
238	60472
239	61529
240	62550
241	63498
242	64469
243	65288
244	66333
245	67376
246	68472
247	69561
248	70626
249	71642
250	72775
251	73890
252	75062
253	76271
254	77472
255	78586
256	79722
257	80776
258	82066
259	83198
260	84372
261	85619
262	86752
263	87882
264	88935
265	90020
266	91149
267	92290
268	93379
269	94503
270	95542
271	96318
272	97497
273	98678
274	99773
275	100842
276	101782
277	102685
278	103569
279	104555
280	105526
281	106490
282	107416
283	108334
284	109150
285	109856
286	110586
287	111266
288	112161
289	112998
290	114031
291	114610
292	115197
293	115914
294	116616
295	117306
296	117956
297	118534
298	119014
299	119502
300	120010
301	120527
302	121090
303	121641
304	122111
305	122607
306	123097
307	123611
308	124315
309	124985
310	125562
311	126121
312	126611
313	127059
314	127571
315	128121
316	128668
317	129188
318	129635
319	130070
320	130519
321	130993
322	131578
323	132162
324	132726
325	133227
326	133738
327	134218
328	134699
329	135223
330	135715
331	136200
332	136696
333	137139
334	137621
335	138122
336	138648
337	139188
338	139700
339	140182
340	140573
341	140958
342	141360
343	141772
344	142186
345	142628
346	143019
347	143355
348	143709
349	144096
350	144451
351	144789
352	145136
353	145477
354	145810
355	146111
356	146444
357	146756
358	147092
359	147343
360	147622
361	147901
362	148153
363	148439
364	148738
365	148994
366	149218
367	149435
368	149649
369	149850
370	150114
371	150336
372	150570
373	150798
374	150999
375	151160
376	151327
377	151529
378	151727
379	151918
380	152093
381	152274
382	152419
383	152556
384	152718
385	152869
386	153032
387	153184
388	153339
389	153470
390	153587
391	153724
392	153847
393	154010
394	154147
395	154274
396	154392
397	154486
398	154596
399	154703
400	154823
401	154918
402	154996
403	155080
404	155158
405	155252
406	155360
407	155447
408	155550
409	155642
410	155732
411	155813
412	155913
413	156014
414	156111
415	156212
416	156302
417	156385
418	156463
419	156567
420	156705
421	156825
422	156938
423	157051
424	157157
425	157248
426	157346
427	157435
428	157548
429	157656
430	157756
431	157853
432	157930
433	158063
434	158189
435	158306
436	158446
437	158607
438	158725
439	158856
440	159044
441	159216
442	159370
443	159558
444	159755
445	159967
446	160166
447	160441
448	160692
449	160949
450	161240
451	161552
452	161843
453	162114
454	162468
455	162927
456	163396
457	164110
458	164623
459	165101
460	165547
461	166177
462	166862
463	167642
464	168436
465	169275
466	170179
467	171058
468	172085
469	173123
470	174308
471	175649
472	177150
473	178769
474	180530
475	182553
476	184657
477	186920
478	189544
479	192311
480	195123
481	197894
482	201187
483	204832
484	208330
485	211853
486	215542
487	218959
488	222408
489	226188
490	230168
491	234083
492	238270
493	242362
494	246116
495	249992
496	254197
497	258317
498	262317
499	266207
500	270284
501	274390
502	278719
503	283248
504	287122
505	291331
506	295525
507	299266
508	303720
509	307231
510	311388
511	315235
512	318895
513	322512
514	325972
515	329100
516	331895
517	335102
518	337989
519	340702
520	344082
521	346759
522	349186
523	351309
524	353528
525	359676
526	363079
527	367081
528	370384
529	374305
530	377031
531	379573
532	381903
533	383490
534	385137
535	386713
536	388135
537	389302
538	390660
539	391981
540	393310
541	394493
542	395751
543	396730
544	397637
545	398454
546	399459
547	400312
548	401050
549	402005
550	402728
551	403281
552	404211
553	405028
554	405939
555	407145
556	408040
557	408764
558	410784
559	411408
560	411989
561	412531
562	413091
563	413609
564	414108
565	414482
566	418480
567	418987
568	419470
569	420016
570	420551
571	420967
572	421382
573	422022
574	422662
575	423217
576	423810
577	424351
578	424773
579	425195
580	425757
581	426290
582	426754
583	427371
584	427862
585	428309
586	428682
587	429179
588	429669
589	430254
590	430732
591	431225
592	431642
593	432079
594	432519
595	433049
596	433589
597	433964
598	434367
599	434756
600	435110
601	435758
602	436365
603	436861
604	437370
605	437830
606	438210
607	438560
608	439020
609	439529
610	439895
611	440225
612	440533
613	440752
614	441042
615	441411
616	441749
617	442009
618	442317
619	442655
620	442874
621	443213
622	443497
623	443928
624	444248
625	444529
626	444838
627	445133
628	445385
629	445768
630	446050
631	446368
632	446658
633	446918
634	447194
635	447373
636	447751
637	448062
638	448339
639	448573
640	448817
641	448997
642	449260
643	449538
644	449856
645	450127
646	450375
647	450589
648	450782
649	450963
650	451189
651	451435
652	451814
653	451980
654	452124
655	452290
656	452454
657	452651
658	452811
659	453042
660	453708
661	454269
662	454712
663	455068
664	455653
665	456386
666	457191
667	457740
668	458186
669	458437
670	458880
671	459191
672	459652
673	459873
674	460265
675	460791
676	461057
677	461389
678	461849
679	462189
680	462690
681	463245
682	463530
683	463655
684	463852
685	464153
686	464623
687	465082
688	465349
689	465662
690	465911
691	466147
692	466584
693	466980
694	467468
695	467933
696	468554
697	468790
698	468980
699	469247
700	469724
701	470115
702	470530
703	473326
704	473537
705	473757
706	473952
707	474111
708	474735
709	475128
710	475434
711	475636
712	475888
713	476135
714	476478
715	476869
716	477158
717	477422
718	477554
719	478007
720	478325
721	478759
722	479133
723	479520
724	479682
725	479997
726	480290
727	480592
728	480860
729	481080
730	481486
731	481770
732	481893
733	482017
734	482551
735	482876
736	483178
737	483463
738	483790
739	483936
740	484213
741	484655
742	485035
743	485350
744	485752
745	486066
746	486451
747	486761
748	487202
749	487693
750	488396
751	488884
752	489409
753	489848
754	490462
755	491127
756	491700
757	492327
758	493198
759	494091
760	495050
761	496242
762	497975
763	498983
764	500055
765	501114
766	501979
767	502874
768	504062
769	505279
770	506520
771	507177
772	507981
773	508665
774	509011
775	509358
776	509872
777	510413
778	510905
779	511230
780	511903
781	512109
782	512344
783	512622
784	512924
785	513226
786	513481
787	513724
788	513843
789	514023
790	514246
791	514388
792	514589
793	514878
794	515036
795	515102
796	515210
797	515355
798	515459
799	515714
800	515803
801	515850
802	515877
803	515974
804	516072
805	516132
806	516281
807	516352
808	516479
809	516510
810	516543
811	516605
812	516672
813	516755
814	520855
815	521004
816	521035
817	521070
818	521101
819	521129
820	521181
821	521264
822	521345
823	521358
824	521416
825	521487
826	521530
827	521573
828	521656
829	521685
830	521691
831	521710
832	521736
833	521737
834	521743
835	521747
836	521751
837	521965
838	521966
839	522006
840	522062
841	522116
842	522149
843	522193
844	522223
845	523622
846	523654
847	523693
848	523753
849	523803
850	523843
851	523869
852	523889
853	523920
854	523975
855	524002
856	524024
857	524064
858	524093
859	524103
860	524157
861	524181
862	524190
863	524201
864	524214
865	524241
866	524260
867	524293
868	524303
869	524323
870	524348
871	524413
872	524459
873	524490
874	524507
875	524525
876	524539
877	524572
878	524586
879	524611
880	524630
881	524636
882	524641
883	524651
884	524677
885	524692
886	524701
887	524708
888	524715
889	524723
890	524747
891	524757
892	524761
893	524771
894	524777
895	524792
896	524803
897	524817
898	524840
899	524855
900	524873
901	524890
902	524903
903	524941
904	524954
905	524974
906	524999
907	525020
908	525047
909	525077
910	525116
911	525139
912	525168
913	525199
914	525223
915	525242
916	525270
917	525305
918	525343
919	525386
920	525428
921	525454
922	525474
923	525519
924	525557
925	525604
926	525660
927	525709
928	525760
929	525785
930	525825
931	525870
932	525930
933	525997
934	526033
935	526074
936	526110
937	526167
938	526212
939	526258
940	526312
941	526357
942	526396
943	526430
944	526477
