154.000
188.000
200.000
216.000
228.000
244.000
261.000
257.000
272.000
268.000
291.000
296.000
305.000
301.000
313.000
328.000
327.000
329.000
339.000
339.000
353.000
352.000
359.000
357.000
343.000
357.000
354.000
361.000
379.000
390.000
402.000
389.000
377.000
381.000
402.000
385.000
388.000
391.000
391.000
395.000
400.000
391.000
399.000
400.000
398.000
413.000
414.000
412.000
408.000
412.000
410.000
408.000
412.000
400.000
411.000
400.000
417.000
406.000
408.000
413.000
417.000
405.000
419.000
409.000
416.000
406.000
417.000
398.000
398.000
408.000
419.000
423.000
424.000
413.000
420.000
411.000
412.000
403.000
403.000
392.000
391.000
393.000
388.000
389.000
388.000
376.000
378.000
378.000
371.000
378.000
390.000
388.000
374.000
383.000
371.000
379.000
378.000
371.000
372.000
358.000
363.000
358.000
354.000
359.000
370.000
379.000
378.000
393.000
400.000
392.000
386.000
375.000
394.000
385.000
382.000
386.000
383.000
387.000
388.000
386.000
386.000
392.000
402.000
386.000
397.000
409.000
394.000
390.000
385.000
401.000
392.000
406.000
396.000
397.000
400.000
407.000
410.000
403.000
398.000
423.000
420.000
411.000
425.000
416.000
427.000
412.000
402.000
418.000
424.000
435.000
420.000
417.000
420.000
429.000
426.000
422.000
415.000
449.000
427.000
424.000
425.000
428.000
425.000
415.000
419.000
435.000
409.000
417.000
416.000
424.000
415.000
417.000
427.000
428.000
432.000
424.000
426.000
424.000
444.000
451.000
449.000
457.000
444.000
458.000
455.000
453.000
469.000
441.000
459.000
447.000
445.000
448.000
449.000
454.000
454.000
451.000
460.000
460.000
472.000
454.000
462.000
450.000
450.000
440.000
450.000
463.000
452.000
451.000
445.000
448.000
449.000
447.000
462.000
457.000
443.000
452.000
447.000
460.000
459.000
464.000
458.000
460.000
433.000
466.000
462.000
460.000
467.000
482.000
480.000
477.000
476.000
487.000
478.000
474.000
470.000
487.000
480.000
494.000
472.000
483.000
509.000
476.000
500.000
507.000
483.000
513.000
492.000
501.000
496.000
530.000
518.000
524.000
515.000
498.000
512.000
509.000
512.000
506.000
509.000
519.000
516.000
530.000
521.000
523.000
529.000
505.000
513.000
513.000
516.000
507.000
512.000
514.000
492.000
497.000
510.000
506.000
503.000
499.000
509.000
521.000
535.000
530.000
518.000
521.000
514.000
511.000
510.000
512.000
524.000
495.000
516.000
515.000
519.000
521.000
527.000
534.000
527.000
520.000
518.000
519.000
528.000
522.000
530.000
518.000
511.000
526.000
517.000
513.000
516.000
515.000
537.000
526.000
549.000
530.000
534.000
525.000
521.000
530.000
545.000
534.000
542.000
522.000
530.000
528.000
541.000
549.000
538.000
547.000
533.000
538.000
536.000
540.000
541.000
551.000
553.000
557.000
554.000
546.000
524.000
551.000
551.000
533.000
551.000
525.000
542.000
547.000
561.000
549.000
567.000
538.000
536.000
545.000
548.000
543.000
543.000
543.000
556.000
545.000
547.000
541.000
556.000
549.000
549.000
550.000
543.000
553.000
542.000
537.000
550.000
556.000
561.000
551.000
558.000
565.000
546.000
529.000
528.000
547.000
545.000
531.000
538.000
558.000
559.000
532.000
542.000
552.000
538.000
555.000
548.000
559.000
552.000
540.000
547.000
547.000
535.000
545.000
551.000
564.000
544.000
557.000
543.000
562.000
551.000
547.000
555.000
553.000
553.000
557.000
538.000
541.000
546.000
545.000
557.000
550.000
551.000
561.000
569.000
557.000
565.000
537.000
548.000
557.000
548.000
541.000
560.000
545.000
548.000
531.000
556.000
558.000
537.000
538.000
542.000
544.000
532.000
551.000
569.000
564.000
555.000
562.000
565.000
552.000
551.000
554.000
552.000
557.000
563.000
565.000
562.000
566.000
581.000
561.000
563.000
574.000
546.000
553.000
544.000
538.000
563.000
551.000
556.000
560.000
561.000
539.000
551.000
560.000
552.000
553.000
555.000
554.000
550.000
558.000
539.000
549.000
575.000
565.000
562.000
556.000
552.000
561.000
575.000
580.000
572.000
565.000
555.000
586.000
578.000
563.000
560.000
562.000
564.000
577.000
575.000
561.000
550.000
562.000
567.000
564.000
563.000
546.000
577.000
566.000
567.000
546.000
561.000
553.000
579.000
564.000
578.000
561.000
583.000
566.000
576.000
581.000
566.000
582.000
568.000
572.000
581.000
583.000
579.000
552.000
599.000
573.000
564.000
564.000
566.000
576.000
559.000
574.000
551.000
561.000
552.000
566.000
566.000
557.000
567.000
563.000
577.000
569.000
566.000
541.000
566.000
544.000
570.000
570.000
558.000
568.000
569.000
563.000
580.000
560.000
571.000
549.000
562.000
560.000
561.000
573.000
572.000
564.000
561.000
571.000
566.000
588.000
567.000
566.000
561.000
572.000
572.000
557.000
560.000
565.000
555.000
577.000
566.000
564.000
554.000
562.000
561.000
589.000
562.000
563.000
567.000
579.000
569.000
574.000
593.000
587.000
569.000
577.000
581.000
571.000
577.000
581.000
554.000
562.000
578.000
572.000
572.000
590.000
550.000
585.000
563.000
574.000
575.000
562.000
574.000
575.000
575.000
584.000
575.000
554.000
575.000
560.000
553.000
563.000
560.000
568.000
584.000
586.000
597.000
562.000
591.000
583.000
554.000
582.000
577.000
565.000
