154.000
188.000
200.000
216.000
228.000
244.000
257.000
261.000
268.000
272.000
291.000
296.000
301.000
305.000
313.000
327.000
328.000
329.000
339.000
339.000
343.000
352.000
353.000
354.000
354.000
357.000
357.000
358.000
358.000
359.000
359.000
361.000
363.000
370.000
371.000
371.000
371.000
372.000
374.000
375.000
376.000
377.000
378.000
378.000
378.000
378.000
378.000
379.000
379.000
379.000
381.000
382.000
383.000
383.000
385.000
385.000
385.000
386.000
386.000
386.000
386.000
386.000
387.000
388.000
388.000
388.000
388.000
388.000
389.000
389.000
390.000
390.000
390.000
391.000
391.000
391.000
391.000
392.000
392.000
392.000
392.000
393.000
393.000
394.000
394.000
395.000
396.000
397.000
397.000
398.000
398.000
398.000
398.000
399.000
400.000
400.000
400.000
400.000
400.000
400.000
401.000
402.000
402.000
402.000
402.000
403.000
403.000
403.000
405.000
406.000
406.000
406.000
407.000
408.000
408.000
408.000
408.000
409.000
409.000
409.000
410.000
410.000
411.000
411.000
411.000
412.000
412.000
412.000
412.000
412.000
413.000
413.000
413.000
414.000
415.000
415.000
415.000
416.000
416.000
416.000
417.000
417.000
417.000
417.000
417.000
417.000
418.000
419.000
419.000
419.000
420.000
420.000
420.000
420.000
422.000
423.000
423.000
424.000
424.000
424.000
424.000
424.000
424.000
425.000
425.000
425.000
426.000
426.000
427.000
427.000
427.000
428.000
428.000
429.000
432.000
433.000
435.000
435.000
440.000
441.000
443.000
444.000
444.000
445.000
445.000
447.000
447.000
447.000
448.000
448.000
449.000
449.000
449.000
449.000
450.000
450.000
450.000
451.000
451.000
451.000
452.000
452.000
453.000
454.000
454.000
454.000
455.000
457.000
457.000
458.000
458.000
459.000
459.000
460.000
460.000
460.000
460.000
460.000
462.000
462.000
462.000
463.000
464.000
466.000
467.000
469.000
470.000
472.000
472.000
474.000
476.000
476.000
477.000
478.000
480.000
480.000
482.000
483.000
483.000
487.000
487.000
492.000
492.000
494.000
495.000
496.000
497.000
498.000
499.000
500.000
501.000
503.000
505.000
506.000
506.000
507.000
507.000
509.000
509.000
509.000
509.000
510.000
510.000
511.000
511.000
512.000
512.000
512.000
512.000
513.000
513.000
513.000
513.000
514.000
514.000
515.000
515.000
515.000
516.000
516.000
516.000
516.000
517.000
518.000
518.000
518.000
518.000
519.000
519.000
519.000
520.000
521.000
521.000
521.000
521.000
521.000
522.000
522.000
523.000
524.000
524.000
524.000
525.000
525.000
526.000
526.000
527.000
527.000
528.000
528.000
528.000
529.000
529.000
530.000
530.000
530.000
530.000
530.000
530.000
530.000
531.000
531.000
532.000
532.000
533.000
533.000
534.000
534.000
534.000
535.000
535.000
536.000
536.000
537.000
537.000
537.000
537.000
538.000
538.000
538.000
538.000
538.000
538.000
538.000
538.000
539.000
539.000
540.000
540.000
541.000
541.000
541.000
541.000
541.000
541.000
542.000
542.000
542.000
542.000
542.000
543.000
543.000
543.000
543.000
543.000
544.000
544.000
544.000
544.000
545.000
545.000
545.000
545.000
545.000
545.000
545.000
546.000
546.000
546.000
546.000
546.000
546.000
547.000
547.000
547.000
547.000
547.000
547.000
547.000
548.000
548.000
548.000
548.000
548.000
549.000
549.000
549.000
549.000
549.000
549.000
549.000
550.000
550.000
550.000
550.000
550.000
550.000
551.000
551.000
551.000
551.000
551.000
551.000
551.000
551.000
551.000
551.000
551.000
551.000
551.000
552.000
552.000
552.000
552.000
552.000
552.000
552.000
552.000
553.000
553.000
553.000
553.000
553.000
553.000
553.000
553.000
554.000
554.000
554.000
554.000
554.000
554.000
554.000
555.000
555.000
555.000
555.000
555.000
555.000
556.000
556.000
556.000
556.000
556.000
556.000
557.000
557.000
557.000
557.000
557.000
557.000
557.000
557.000
557.000
558.000
558.000
558.000
558.000
558.000
559.000
559.000
559.000
560.000
560.000
560.000
560.000
560.000
560.000
560.000
560.000
560.000
561.000
561.000
561.000
561.000
561.000
561.000
561.000
561.000
561.000
561.000
561.000
561.000
561.000
561.000
562.000
562.000
562.000
562.000
562.000
562.000
562.000
562.000
562.000
562.000
562.000
562.000
563.000
563.000
563.000
563.000
563.000
563.000
563.000
563.000
563.000
563.000
564.000
564.000
564.000
564.000
564.000
564.000
564.000
564.000
564.000
565.000
565.000
565.000
565.000
565.000
565.000
565.000
565.000
566.000
566.000
566.000
566.000
566.000
566.000
566.000
566.000
566.000
566.000
566.000
566.000
567.000
567.000
567.000
567.000
567.000
567.000
568.000
568.000
568.000
569.000
569.000
569.000
569.000
569.000
569.000
570.000
570.000
571.000
571.000
571.000
572.000
572.000
572.000
572.000
572.000
572.000
572.000
573.000
573.000
574.000
574.000
574.000
574.000
574.000
575.000
575.000
575.000
575.000
575.000
575.000
575.000
575.000
576.000
576.000
577.000
577.000
577.000
577.000
577.000
577.000
577.000
578.000
578.000
578.000
579.000
579.000
579.000
580.000
580.000
581.000
581.000
581.000
581.000
581.000
582.000
582.000
583.000
583.000
583.000
584.000
584.000
585.000
586.000
586.000
587.000
588.000
589.000
590.000
591.000
593.000
597.000
599.000
